387.484
382.625
385.595
385.7
386.85
386.876
395.854
396.246
395.655
398.979
398.672
398.432
362.322
364.718
367.358
369.63
367.176
371.632
376.776
375.906
377.152
379.212
379.325
378.903
345.06
296.696
297.602
236.948
219.021
217.144
348.59
328.805
323.653
316.499
316.169
317.522
362.684
355.015
369.917
354.995
334.268
316.133
488.453
487.683
486.89
478.329
475.394
476.128
418.889
397.58
401.515
404.806
433.023
430.253
439.02
459.637
459.028
412.431
407.959
407.007
448.347
447.046
437.513
437.771
464.591
451.199
232.211
238.779
233.098
200.908
205.143
342.022
