396.507
398.037
396.438
399.838
399.657
398.743
400.125
400.144
400.241
408.366
407.867
407.815
378.801
380.282
372.383
382.979
383.134
379.564
386.592
386.64
386.693
388.507
389.168
389.016
354.142
353.203
357.305
348.233
348.473
349.205
356.577
355.158
356.096
358.71
359.096
359.106
391.854
398.069
387.275
395.707
391.41
390.204
397.506
397.605
396.603
397.601
397.9
398.339
374.198
368.781
367.728
369.584
371.682
364.708
373.7
373.818
374.693
375.108
378.265
377.701
343.763
344.05
343.423
343.631
343.02
341.725
346.681
345.459
345.211
349.517
349.348
349.162
